board=np.array([[0, 0, 0, 0],
      [0, 1, 2, 0],
      [0, 1,10, 0],
      [0,11, 1, 0],
      [0, 0, 0, 0]])

# board=[[1, 1, 0, 0, 0, 0, 0, 1],
#        [0, 0, 0, 1, 1, 1, 0, 1],
#        [0, 2,11,10, 1, 1, 0, 1],
#        [0, 0, 0, 1,10, 2, 0, 1],
#        [0, 2, 0, 0,10, 1, 0, 1],
#        [0, 1, 0, 1, 2, 1, 0, 0],
#        [0,10, 1,20,10,10, 2, 0],
#        [0, 1, 1, 1, 2, 1, 1, 0],
#        [0, 0, 0, 0, 0, 0, 0, 0]]

# board = np.array([[0, 0, 0, 0, 0, 0],
      #       [0, 2, 0, 1, 0, 0],
      #       [0, 10, 10, 2, 1, 0],
      #       [0, 11, 1, 10, 2,  0],
      #       [0, 1, 1, 0, 0, 0],
      #       [0, 0, 0, 0, 0, 0]])
      # board = np.array([[0, 0, 0, 0, 0, 0],
      #       [0, 2, 1, 1, 2, 0],
      #       [0, 10, 1, 1, 10, 0],
      #       [0, 1, 1, 1, 1, 0],
      #       [0, 2, 10, 11, 1, 0],
      #       [0, 0, 0, 0, 0, 0]]) # this runs terribly 6x6 trivial
      # board = np.array([[0, 0, 0, 0, 0, 0],
      #       [0, 1, 2, 0, 0, 0],
      #       [0, 1, 10, 10, 2, 0],
      #       [0, 11, 10, 2, 0, 0],
      #       [0, 0, 0, 0, 0, 0]]) # this runs with 100 sim on 6x6guud.pth
      board = np.array([[0, 0, 0, 0, 0],
            [0, 1, 10, 2, 0],
            [0, 11, 10, 2, 0],
            [0, 0, 0, 0, 0]]) #this runs with 20 sim on bestnew.pth
      # board = np.array([[0,  0,  0,  0,  0,  0],
      #          [0,  1, 10,  2,  1,  0],
      #          [0,  1, 10, 21,  0,  0],
      #          [0,  1,  1, 10,  1,  0],
      #          [0,  1,  1,  2,  0,  0],
      #          [0,  0,  0,  0,  0,  0]])
      # board = np.array([[0, 0, 0, 0, 0, 0],
      #       [0, 2, 0, 1, 0, 0],
      #       [0, 10, 10, 2, 1, 0],
      #       [0, 11, 1, 10, 2,  0],
      #       [0, 1, 1, 0, 0, 0],
      #       [0, 0, 0, 0, 0, 0]])